1,1,0,0,0,0,1,0,0,0,0,1,0,0,0,0,1
2,1,0,0,0,0,1,0,0,0,0,1,0,0,0,0,1
3,0.95106,0.30902,0,0,-0.30902,0.95106,0,0,0,0,1,0,2.60074,3.5796,0,1
4,1,0,0,0,0,0.95106,0.30902,0,0,-0.30902,0.95106,0,0,-10.04593,4.42749,1
5,0.80902,0.58779,0,0,-0.58779,0.80902,0,0,0,0,1,0,28.37666,-7.34369,0,1
6,1,0,0,0,0,0.80902,-0.58779,0,0,0.58779,0.80902,0,0,-28.62699,-0.11412,1
7,1,0,0,0,0,0.80902,0.58779,0,0,-0.58779,0.80902,0,0,15.69674,-31.2878,1
8,1,0,0,0,0,0.80902,-0.58779,0,0,0.58779,0.80902,0,0,20.83237,-49.65522,1
1,1,0,0,0,0,1,0,0,0,0,1,0,0,0,0,1
2,1,0,0,0,0,1,0,0,0,0,1,0,0,0,0,1
3,0.80902,0.58779,0,0,-0.58779,0.80902,0,0,0,0,1,0,3.96802,7.78768,0,1
4,1,0,0,0,0,0.80902,0.58779,0,0,-0.58779,0.80902,0,0,-20.96834,5.53392,1
5,0.30902,0.95106,0,0,-0.95106,0.30902,0,0,0,0,1,0,57.77053,-2.68778,0,1
6,1,0,0,0,0,0.30902,-0.95106,0,0,0.95106,0.30902,0,0,-53.97394,10.53777,1
7,1,0,0,0,0,0.30902,0.95106,0,0,-0.95106,0.30902,0,0,40.70387,-49.49401,1
8,1,0,0,0,0,0.30902,-0.95106,0,0,0.95106,0.30902,0,0,14.5818,-104.19225,1
1,1,0,0,0,0,1,0,0,0,0,1,0,0,0,0,1
2,1,0,0,0,0,1,0,0,0,0,1,0,0,0,0,1
3,0.58779,0.80902,0,0,-0.80902,0.58779,0,0,0,0,1,0,3.96802,12.21232,0,1
4,1,0,0,0,0,0.58779,0.80902,0,0,-0.80902,0.58779,0,0,-31.69808,3.21099,1
5,-0.30902,0.95106,0,0,-0.95106,-0.30902,0,0,0,0,1,0,82.7099,13.22675,0,1
6,1,0,0,0,0,-0.30902,-0.95106,0,0,0.95106,-0.30902,0,0,-72.11494,28.92444,1
7,1,0,0,0,0,-0.30902,0.95106,0,0,-0.95106,-0.30902,0,0,66.50695,-53.42023,1
8,1,0,0,0,0,-0.30902,-0.95106,0,0,0.95106,-0.30902,0,0,-17.40162,-148.53556,1
1,1,0,0,0,0,1,0,0,0,0,1,0,0,0,0,1
2,1,0,0,0,0,1,0,0,0,0,1,0,0,0,0,1
3,0.30902,0.95106,0,0,-0.95106,0.30902,0,0,0,0,1,0,2.60074,16.4204,0,1
4,1,0,0,0,0,0.30902,0.95106,0,0,-0.95106,0.30902,0,0,-41.18484,-2.31392,1
5,-0.80902,0.58779,0,0,-0.58779,-0.80902,0,0,0,0,1,0,98.82228,37.08639,0,1
6,1,0,0,0,0,-0.80902,-0.58779,0,0,0.58779,-0.80902,0,0,-81.27423,50.78809,1
7,1,0,0,0,0,-0.80902,0.58779,0,0,-0.58779,-0.80902,0,0,86.01536,-46.72026,1
8,1,0,0,0,0,-0.80902,-0.58779,0,0,0.58779,-0.80902,0,0,-65.66659,-170.90099,1
1,1,0,0,0,0,1,0,0,0,0,1,0,0,0,0,1
2,1,0,0,0,0,1,0,0,0,0,1,0,0,0,0,1
3,0,1,0,0,-1,0,0,0,0,0,1,0,0,20,0,1
4,1,0,0,0,0,0,1,0,0,-1,0,0,0,-48.5,-10.5,1
5,-1,0,0,0,0,-1,0,0,0,0,1,0,104,64,0,1
6,1,0,0,0,0,-1,0,0,0,0,-1,0,0,-82,72,1
7,1,0,0,0,0,-1,0,0,0,0,-1,0,0,96,-36,1
8,1,0,0,0,0,-1,0,0,0,0,-1,0,0,-116,-166.79244,1
1,1,0,0,0,0,1,0,0,0,0,1,0,0,0,0,1
2,1,0,0,0,0,1,0,0,0,0,1,0,0,0,0,1
3,0,1,0,0,-1,0,0,0,0,0,1,0,0,20,0,1
4,1,0,0,0,0,0,1,0,0,-1,0,0,0,-48.5,-10.5,1
5,-1,0,0,0,0,-1,0,0,0,0,1,0,104,64,0,1
6,1,0,0,0,0,-1,0,0,0,0,-1,0,0,-82,72,1
7,1,0,0,0,0,-1,0,0,0,0,-1,0,0,96,-36,1
8,1,0,0,0,0,-1,0,0,0,0,-1,0,0,-116,-161.79244,1
1,1,0,0,0,0,1,0,0,0,0,1,0,0,0,0,1
2,1,0,0,0,0,1,0,0,0,0,1,0,0,0,0,1
3,0,1,0,0,-1,0,0,0,0,0,1,0,0,20,0,1
4,1,0,0,0,0,0,1,0,0,-1,0,0,0,-48.5,-10.5,1
5,-1,0,0,0,0,-1,0,0,0,0,1,0,104,64,0,1
6,1,0,0,0,0,-1,0,0,0,0,-1,0,0,-82,72,1
7,1,0,0,0,0,-1,0,0,0,0,-1,0,0,96,-36,1
8,1,0,0,0,0,-1,0,0,0,0,-1,0,0,-116,-156.79244,1
1,0.99863,-0.05239,0,0,0.05239,0.99863,0,0,0,0,1,0,0,0,0,1
2,0.99718,-0.05386,0.05231,0,0.05378,0.99855,0.00282,0,-0.05239,0,0.99863,0,-0.01648,0,0.62867,1
3,-0.17611,0.98302,0.05157,0,-0.98437,-0.17587,-0.00923,0,0,-0.05239,0.99863,0,-1.8303,18.37825,-0.19,1
4,0.99863,-0.05239,0,0,-0.00923,-0.17587,0.98437,0,-0.05157,-0.98302,-0.17611,0,-2.49457,-54.55116,-16.07928,1
5,-0.99863,0,0.05239,0,0,-1,0,0,0.05239,0,0.99863,0,109.46718,75.47895,-4.79844,1
6,1,0,0,0,0,-1,0,0,0,0,-1,0,4.22217,-87.48229,83.47895,1
7,1,0,0,0,0,-1,0,0,0,0,-1,0,-4.22217,107.47895,-41.48229,1
8,1,0,0,0,0,-1,0,0,0,0,-1,0,4.22217,-127.47895,-162.27473,1
1,0.99451,-0.10463,0,0,0.10463,0.99451,0,0,0,0,1,0,0,0,0,1
2,0.98874,-0.10756,0.10403,0,0.10697,0.9942,0.01125,0,-0.10463,0,0.99451,0,-0.06587,0,1.2556,1
3,-0.34671,0.93282,0.09814,0,-0.93797,-0.34481,-0.03628,0,0,-0.10463,0.99451,0,-3.73934,16.42394,-0.58666,1
4,0.99451,-0.10463,0,0,-0.03628,-0.34481,0.93797,0,-0.09814,-0.93282,-0.34671,0,-5.51539,-59.42205,-22.25472,1
5,-0.99451,0,0.10463,0,0,-1,0,0,0.10463,0,0.99451,0,112.61121,87.36965,-9.95416,1
6,1,0,0,0,0,-1,0,0,0,0,-1,0,8.80319,-90.67159,95.36965,1
7,1,0,0,0,0,-1,0,0,0,0,-1,0,-8.80319,119.36965,-44.67159,1
8,1,0,0,0,0,-1,0,0,0,0,-1,0,8.80319,-139.36965,-165.46403,1
1,0.98766,-0.15659,0,0,0.15659,0.98766,0,0,0,0,1,0,0,0,0,1
2,0.97479,-0.16095,0.15455,0,0.15897,0.98696,0.0252,0,-0.15659,0,0.98766,0,-0.14804,0,1.87909,1
3,-0.50648,0.85161,0.13502,0,-0.86225,-0.50023,-0.07931,0,0,-0.15659,0.98766,0,-5.66004,14.12854,-1.248,1
4,0.98766,-0.15659,0,0,-0.07931,-0.50023,0.86225,0,-0.13502,-0.85161,-0.50648,0,-8.88133,-63.01696,-28.84068,1
5,-0.98766,0,0.15659,0,0,-1,0,0,0.15659,0,0.98766,0,113.41033,99.30779,-15.12704,1
6,1,0,0,0,0,-1,0,0,0,0,-1,0,13.40453,-91.54603,107.30779,1
7,1,0,0,0,0,-1,0,0,0,0,-1,0,-13.40453,131.30779,-45.54603,1
8,1,0,0,0,0,-1,0,0,0,0,-1,0,13.40453,-151.30779,-166.33847,1
1,0.9781,-0.20812,0,0,0.20812,0.9781,0,0,0,0,1,0,0,0,0,1
2,0.95547,-0.21387,0.2033,0,0.20919,0.97686,0.04451,0,-0.20812,0,0.9781,0,-0.26276,0,2.49742,1
3,-0.65042,0.74295,0.15808,0,-0.75958,-0.63617,-0.13536,0,0,-0.20812,0.9781,0,-7.52004,11.50246,-2.23364,1
4,0.9781,-0.20812,0,0,-0.13536,-0.63617,0.75958,0,-0.15808,-0.74295,-0.65042,0,-12.40345,-65.29296,-35.64361,1
5,-0.9781,0,0.20812,0,0,-1,0,0,0.20812,0,0.9781,0,111.94081,110.93253,-19.98852,1
6,1,0,0,0,0,-1,0,0,0,0,-1,0,17.69921,-90.18167,118.93253,1
7,1,0,0,0,0,-1,0,0,0,0,-1,0,-17.69921,142.93253,-44.18167,1
8,1,0,0,0,0,-1,0,0,0,0,-1,0,17.69921,-162.93253,-164.97411,1
1,0.96586,-0.25907,0,0,0.25907,0.96586,0,0,0,0,1,0,0,0,0,1
2,0.93101,-0.26618,0.24973,0,0.25709,0.96392,0.06896,0,-0.25907,0,0.96586,0,-0.40971,0,3.10889,1
3,-0.77402,0.61154,0.16404,0,-0.63316,-0.74759,-0.20053,0,0,-0.25907,0.96586,0,-9.24402,8.57574,-3.60083,1
4,0.96586,-0.25907,0,0,-0.20053,-0.74759,0.63316,0,-0.16404,-0.61154,-0.77402,0,-15.89559,-66.26043,-42.46803,1
5,-0.96586,0,0.25907,0,0,-1,0,0,0.25907,0,0.96586,0,108.3716,121.89767,-24.24062,1
6,1,0,0,0,0,-1,0,0,0,0,-1,0,21.3908,-86.74717,129.89767,1
7,1,0,0,0,0,-1,0,0,0,0,-1,0,-21.3908,153.89767,-40.74717,1
8,1,0,0,0,0,-1,0,0,0,0,-1,0,21.3908,-173.89767,-161.53961,1
1,0.96512,-0.26181,0,0,0.26181,0.96512,0,0,0,0,1,0,0,0,0,1
2,0.93301,-0.25581,0.2531,0,0.24688,0.96673,0.06697,0,-0.26181,0,0.96512,0,-0.41855,0,3.14167,1
3,-0.77606,0.60866,0.16511,0,-0.63066,-0.74899,-0.20318,0,0,-0.26181,0.96512,0,-9.45766,9.18202,-3.4771,1
4,0.96512,-0.26181,0,0,-0.20318,-0.74899,0.63066,0,-0.16511,-0.60866,-0.77606,0,-15.8911,-65.5809,-42.40751,1
5,-0.96512,0,0.26181,0,0,-1,0,0,0.26181,0,0.96512,0,107.58745,121.90549,-24.30217,1
6,1,0,0,0,0,-1,0,0,0,0,-1,0,21.42231,-85.97113,129.90549,1
7,1,0,0,0,0,-1,0,0,0,0,-1,0,-21.42231,153.90549,-39.97113,1
8,1,0,0,0,0,-1,0,0,0,0,-1,0,21.42231,-173.90549,-160.76357,1
1,0.96438,-0.26454,0,0,0.26454,0.96438,0,0,0,0,1,0,0,0,0,1
2,0.93489,-0.24541,0.25645,0,0.23667,0.96942,0.06492,0,-0.26454,0,0.96438,0,-0.42749,0,3.17442,1
3,-0.77809,0.60577,0.16617,0,-0.62815,-0.75037,-0.20583,0,0,-0.26454,0.96438,0,-9.66459,9.78905,-3.34955,1
4,0.96438,-0.26454,0,0,-0.20583,-0.75037,0.62815,0,-0.16617,-0.60577,-0.77809,0,-15.88234,-64.89984,-42.35358,1
5,-0.96438,0,0.26454,0,0,-1,0,0,0.26454,0,0.96438,0,106.80143,121.91961,-24.35886,1
6,1,0,0,0,0,-1,0,0,0,0,-1,0,21.44898,-85.1933,129.91961,1
7,1,0,0,0,0,-1,0,0,0,0,-1,0,-21.44898,153.91961,-39.1933,1
8,1,0,0,0,0,-1,0,0,0,0,-1,0,21.44898,-173.91961,-159.98574,1
1,0.96362,-0.26726,0,0,0.26726,0.96362,0,0,0,0,1,0,0,0,0,1
2,0.93664,-0.23498,0.25978,0,0.22643,0.972,0.0628,0,-0.26726,0,0.96362,0,-0.43651,0,3.20715,1
3,-0.78011,0.60288,0.16721,0,-0.62564,-0.75174,-0.2085,0,0,-0.26726,0.96362,0,-9.86479,10.39676,-3.21817,1
4,0.96362,-0.26726,0,0,-0.2085,-0.75174,0.62564,0,-0.16721,-0.60288,-0.78011,0,-15.8693,-64.21732,-42.30624,1
5,-0.96362,0,0.26726,0,0,-1,0,0,0.26726,0,0.96362,0,106.01363,121.94006,-24.41069,1
6,1,0,0,0,0,-1,0,0,0,0,-1,0,21.47081,-84.41377,129.94006,1
7,1,0,0,0,0,-1,0,0,0,0,-1,0,-21.47081,153.94006,-38.41377,1
8,1,0,0,0,0,-1,0,0,0,0,-1,0,21.47081,-173.94006,-159.20621,1
1,0.96286,-0.26999,0,0,0.26999,0.96286,0,0,0,0,1,0,0,0,0,1
2,0.93828,-0.22452,0.26309,0,0.21619,0.97447,0.06062,0,-0.26999,0,0.96286,0,-0.44563,0,3.23985,1
3,-0.78213,0.59998,0.16823,0,-0.62312,-0.75308,-0.21117,0,0,-0.26999,0.96286,0,-10.05824,11.00504,-3.08299,1
4,0.96286,-0.26999,0,0,-0.21117,-0.75308,0.62312,0,-0.16823,-0.59998,-0.78213,0,-15.852,-63.53345,-42.26551,1
5,-0.96286,0,0.26999,0,0,-1,0,0,0.26999,0,0.96286,0,105.22414,121.96685,-24.45767,1
6,1,0,0,0,0,-1,0,0,0,0,-1,0,21.48781,-83.63264,129.96685,1
7,1,0,0,0,0,-1,0,0,0,0,-1,0,-21.48781,153.96685,-37.63264,1
8,1,0,0,0,0,-1,0,0,0,0,-1,0,21.48781,-173.96685,-158.42508,1
1,0.9621,-0.27271,0,0,0.27271,0.9621,0,0,0,0,1,0,0,0,0,1
2,0.9398,-0.21404,0.26639,0,0.20593,0.97682,0.05837,0,-0.27271,0,0.9621,0,-0.45485,0,3.27252,1
3,-0.78414,0.59707,0.16924,0,-0.62059,-0.75442,-0.21384,0,0,-0.27271,0.9621,0,-10.24493,11.61381,-2.94401,1
4,0.9621,-0.27271,0,0,-0.21384,-0.75442,0.62059,0,-0.16924,-0.59707,-0.78414,0,-15.83043,-62.84831,-42.23142,1
5,-0.9621,0,0.27271,0,0,-1,0,0,0.27271,0,0.9621,0,104.43306,122,-24.49981,1
6,1,0,0,0,0,-1,0,0,0,0,-1,0,21.5,-82.85,130,1
7,1,0,0,0,0,-1,0,0,0,0,-1,0,-21.5,154,-36.85,1
8,1,0,0,0,0,-1,0,0,0,0,-1,0,21.5,-174,-157.64244,1
1,0.9621,-0.27271,0,0,0.27271,0.9621,0,0,0,0,1,0,0,0,0,1
2,0.9398,-0.21404,0.26639,0,0.20593,0.97682,0.05837,0,-0.27271,0,0.9621,0,-0.45485,0,3.27252,1
3,-0.78414,0.59707,0.16924,0,-0.62059,-0.75442,-0.21384,0,0,-0.27271,0.9621,0,-10.24493,11.61381,-2.94401,1
4,0.9621,-0.27271,0,0,-0.21384,-0.75442,0.62059,0,-0.16924,-0.59707,-0.78414,0,-15.83043,-62.84831,-42.23142,1
5,-0.9621,0,0.27271,0,0,-1,0,0,0.27271,0,0.9621,0,104.43306,122,-24.49981,1
6,1,0,0,0,0,-1,0,0,0,0,-1,0,21.5,-82.85,130,1
7,1,0,0,0,0,-1,0,0,0,0,-1,0,-21.5,154,-36.85,1
8,1,0,0,0,0,-1,0,0,0,0,-1,0,21.5,-174,-162.64244,1
1,0.9621,-0.27271,0,0,0.27271,0.9621,0,0,0,0,1,0,0,0,0,1
2,0.9398,-0.21404,0.26639,0,0.20593,0.97682,0.05837,0,-0.27271,0,0.9621,0,-0.45485,0,3.27252,1
3,-0.78414,0.59707,0.16924,0,-0.62059,-0.75442,-0.21384,0,0,-0.27271,0.9621,0,-10.24493,11.61381,-2.94401,1
4,0.9621,-0.27271,0,0,-0.21384,-0.75442,0.62059,0,-0.16924,-0.59707,-0.78414,0,-15.83043,-62.84831,-42.23142,1
5,-0.9621,0,0.27271,0,0,-1,0,0,0.27271,0,0.9621,0,104.43306,122,-24.49981,1
6,1,0,0,0,0,-1,0,0,0,0,-1,0,21.5,-82.85,130,1
7,1,0,0,0,0,-1,0,0,0,0,-1,0,-21.5,154,-36.85,1
8,1,0,0,0,0,-1,0,0,0,0,-1,0,21.5,-174,-167.64244,1
1,0.9621,-0.27271,0,0,0.27271,0.9621,0,0,0,0,1,0,0,0,0,1
2,0.9398,-0.21404,0.26639,0,0.20593,0.97682,0.05837,0,-0.27271,0,0.9621,0,-0.45485,0,3.27252,1
3,-0.78414,0.59707,0.16924,0,-0.62059,-0.75442,-0.21384,0,0,-0.27271,0.9621,0,-10.24493,11.61381,-2.94401,1
4,0.9621,-0.27271,0,0,-0.21384,-0.75442,0.62059,0,-0.16924,-0.59707,-0.78414,0,-15.83043,-62.84831,-42.23142,1
5,-0.9621,0,0.27271,0,0,-1,0,0,0.27271,0,0.9621,0,104.43306,122,-24.49981,1
6,1,0,0,0,0,-1,0,0,0,0,-1,0,21.5,-82.85,130,1
7,1,0,0,0,0,-1,0,0,0,0,-1,0,-21.5,154,-36.85,1
8,1,0,0,0,0,-1,0,0,0,0,-1,0,21.5,-174,-162.64244,1
1,0.9621,-0.27271,0,0,0.27271,0.9621,0,0,0,0,1,0,0,0,0,1
2,0.9398,-0.21404,0.26639,0,0.20593,0.97682,0.05837,0,-0.27271,0,0.9621,0,-0.45485,0,3.27252,1
3,-0.78414,0.59707,0.16924,0,-0.62059,-0.75442,-0.21384,0,0,-0.27271,0.9621,0,-10.24493,11.61381,-2.94401,1
4,0.9621,-0.27271,0,0,-0.21384,-0.75442,0.62059,0,-0.16924,-0.59707,-0.78414,0,-15.83043,-62.84831,-42.23142,1
5,-0.9621,0,0.27271,0,0,-1,0,0,0.27271,0,0.9621,0,104.43306,122,-24.49981,1
6,1,0,0,0,0,-1,0,0,0,0,-1,0,21.5,-82.85,130,1
7,1,0,0,0,0,-1,0,0,0,0,-1,0,-21.5,154,-36.85,1
8,1,0,0,0,0,-1,0,0,0,0,-1,0,21.5,-174,-157.64244,1
1,0.96286,-0.26999,0,0,0.26999,0.96286,0,0,0,0,1,0,0,0,0,1
2,0.93828,-0.22452,0.26309,0,0.21619,0.97447,0.06062,0,-0.26999,0,0.96286,0,-0.44563,0,3.23985,1
3,-0.78213,0.59998,0.16823,0,-0.62312,-0.75308,-0.21117,0,0,-0.26999,0.96286,0,-10.05824,11.00504,-3.08299,1
4,0.96286,-0.26999,0,0,-0.21117,-0.75308,0.62312,0,-0.16823,-0.59998,-0.78213,0,-15.852,-63.53345,-42.26551,1
5,-0.96286,0,0.26999,0,0,-1,0,0,0.26999,0,0.96286,0,105.22414,121.96685,-24.45767,1
6,1,0,0,0,0,-1,0,0,0,0,-1,0,21.48781,-83.63264,129.96685,1
7,1,0,0,0,0,-1,0,0,0,0,-1,0,-21.48781,153.96685,-37.63264,1
8,1,0,0,0,0,-1,0,0,0,0,-1,0,21.48781,-173.96685,-158.42508,1
1,0.96362,-0.26726,0,0,0.26726,0.96362,0,0,0,0,1,0,0,0,0,1
2,0.93664,-0.23498,0.25978,0,0.22643,0.972,0.0628,0,-0.26726,0,0.96362,0,-0.43651,0,3.20715,1
3,-0.78011,0.60288,0.16721,0,-0.62564,-0.75174,-0.2085,0,0,-0.26726,0.96362,0,-9.86479,10.39676,-3.21817,1
4,0.96362,-0.26726,0,0,-0.2085,-0.75174,0.62564,0,-0.16721,-0.60288,-0.78011,0,-15.8693,-64.21732,-42.30624,1
5,-0.96362,0,0.26726,0,0,-1,0,0,0.26726,0,0.96362,0,106.01363,121.94006,-24.41069,1
6,1,0,0,0,0,-1,0,0,0,0,-1,0,21.47081,-84.41377,129.94006,1
7,1,0,0,0,0,-1,0,0,0,0,-1,0,-21.47081,153.94006,-38.41377,1
8,1,0,0,0,0,-1,0,0,0,0,-1,0,21.47081,-173.94006,-159.20621,1
1,0.96438,-0.26454,0,0,0.26454,0.96438,0,0,0,0,1,0,0,0,0,1
2,0.93489,-0.24541,0.25645,0,0.23667,0.96942,0.06492,0,-0.26454,0,0.96438,0,-0.42749,0,3.17442,1
3,-0.77809,0.60577,0.16617,0,-0.62815,-0.75037,-0.20583,0,0,-0.26454,0.96438,0,-9.66459,9.78905,-3.34955,1
4,0.96438,-0.26454,0,0,-0.20583,-0.75037,0.62815,0,-0.16617,-0.60577,-0.77809,0,-15.88234,-64.89984,-42.35358,1
5,-0.96438,0,0.26454,0,0,-1,0,0,0.26454,0,0.96438,0,106.80143,121.91961,-24.35886,1
6,1,0,0,0,0,-1,0,0,0,0,-1,0,21.44898,-85.1933,129.91961,1
7,1,0,0,0,0,-1,0,0,0,0,-1,0,-21.44898,153.91961,-39.1933,1
8,1,0,0,0,0,-1,0,0,0,0,-1,0,21.44898,-173.91961,-159.98574,1
1,0.96512,-0.26181,0,0,0.26181,0.96512,0,0,0,0,1,0,0,0,0,1
2,0.93301,-0.25581,0.2531,0,0.24688,0.96673,0.06697,0,-0.26181,0,0.96512,0,-0.41855,0,3.14167,1
3,-0.77606,0.60866,0.16511,0,-0.63066,-0.74899,-0.20318,0,0,-0.26181,0.96512,0,-9.45766,9.18202,-3.4771,1
4,0.96512,-0.26181,0,0,-0.20318,-0.74899,0.63066,0,-0.16511,-0.60866,-0.77606,0,-15.8911,-65.5809,-42.40751,1
5,-0.96512,0,0.26181,0,0,-1,0,0,0.26181,0,0.96512,0,107.58745,121.90549,-24.30217,1
6,1,0,0,0,0,-1,0,0,0,0,-1,0,21.42231,-85.97113,129.90549,1
7,1,0,0,0,0,-1,0,0,0,0,-1,0,-21.42231,153.90549,-39.97113,1
8,1,0,0,0,0,-1,0,0,0,0,-1,0,21.42231,-173.90549,-160.76357,1
1,0.96586,-0.25907,0,0,0.25907,0.96586,0,0,0,0,1,0,0,0,0,1
2,0.93101,-0.26618,0.24973,0,0.25709,0.96392,0.06896,0,-0.25907,0,0.96586,0,-0.40971,0,3.10889,1
3,-0.77402,0.61154,0.16404,0,-0.63316,-0.74759,-0.20053,0,0,-0.25907,0.96586,0,-9.24402,8.57574,-3.60083,1
4,0.96586,-0.25907,0,0,-0.20053,-0.74759,0.63316,0,-0.16404,-0.61154,-0.77402,0,-15.89559,-66.26043,-42.46803,1
5,-0.96586,0,0.25907,0,0,-1,0,0,0.25907,0,0.96586,0,108.3716,121.89767,-24.24062,1
6,1,0,0,0,0,-1,0,0,0,0,-1,0,21.3908,-86.74717,129.89767,1
7,1,0,0,0,0,-1,0,0,0,0,-1,0,-21.3908,153.89767,-40.74717,1
8,1,0,0,0,0,-1,0,0,0,0,-1,0,21.3908,-173.89767,-161.53961,1
1,0.97732,-0.21178,0,0,0.21178,0.97732,0,0,0,0,1,0,0,0,0,1
2,0.94418,-0.25821,0.2046,0,0.25236,0.96609,0.05468,0,-0.21178,0,0.97732,0,-0.27218,0,2.54132,1
3,-0.77546,0.61707,0.13371,0,-0.63139,-0.75787,-0.16423,0,0,-0.21178,0.97732,0,-9.40596,8.88023,-2.84295,1
4,0.97732,-0.21178,0,0,-0.16423,-0.75787,0.63139,0,-0.13371,-0.61707,-0.77546,0,-12.8872,-66.47246,-42.41441,1
5,-0.97732,0,0.21178,0,0,-1,0,0,0.21178,0,0.97732,0,108.89487,121.89241,-19.69618,1
6,1,0,0,0,0,-1,0,0,0,0,-1,0,17.36663,-87.14437,129.89241,1
7,1,0,0,0,0,-1,0,0,0,0,-1,0,-17.36663,153.89241,-41.14437,1
8,1,0,0,0,0,-1,0,0,0,0,-1,0,17.36663,-173.89241,-161.93682,1
1,0.98646,-0.16398,0,0,0.16398,0.98646,0,0,0,0,1,0,0,0,0,1
2,0.95508,-0.25023,0.15876,0,0.24685,0.96819,0.04103,0,-0.16398,0,0.98646,0,-0.16243,0,1.96773,1
3,-0.7769,0.6211,0.10324,0,-0.62962,-0.76639,-0.12739,0,0,-0.16398,0.98646,0,-9.56395,9.22653,-2.1233,1
4,0.98646,-0.16398,0,0,-0.12739,-0.76639,0.62962,0,-0.10324,-0.6211,-0.7769,0,-9.89587,-66.53206,-42.36468,1
5,-0.98646,0,0.16398,0,0,-1,0,0,0.16398,0,0.98646,0,109.18997,121.89091,-15.15829,1
6,1,0,0,0,0,-1,0,0,0,0,-1,0,13.35453,-87.33887,129.89091,1
7,1,0,0,0,0,-1,0,0,0,0,-1,0,-13.35453,153.89091,-41.33887,1
8,1,0,0,0,0,-1,0,0,0,0,-1,0,13.35453,-173.89091,-162.13131,1
1,0.99327,-0.11579,0,0,0.11579,0.99327,0,0,0,0,1,0,0,0,0,1
2,0.96369,-0.24224,0.11234,0,0.24061,0.97022,0.02805,0,-0.11579,0,0.99327,0,-0.08072,0,1.38948,1
3,-0.77834,0.62362,0.0727,0,-0.62785,-0.7731,-0.09012,0,0,-0.11579,0.99327,0,-9.71798,9.61162,-1.44416,1
4,0.99327,-0.11579,0,0,-0.09012,-0.7731,0.62785,0,-0.0727,-0.62362,-0.77834,0,-6.92932,-66.44145,-42.31885,1
5,-0.99327,0,0.11579,0,0,-1,0,0,0.11579,0,0.99327,0,109.25881,121.89317,-10.6384,1
6,1,0,0,0,0,-1,0,0,0,0,-1,0,9.36471,-87.3328,129.89317,1
7,1,0,0,0,0,-1,0,0,0,0,-1,0,-9.36471,153.89317,-41.3328,1
8,1,0,0,0,0,-1,0,0,0,0,-1,0,9.36471,-173.89317,-162.12524,1
1,0.99773,-0.06733,0,0,0.06733,0.99773,0,0,0,0,1,0,0,0,0,1
2,0.96998,-0.23422,0.06546,0,0.23369,0.97218,0.01577,0,-0.06733,0,0.99773,0,-0.02723,0,0.80793,1
3,-0.77977,0.62465,0.04215,0,-0.62607,-0.778,-0.0525,0,0,-0.06733,0.99773,0,-9.86803,10.03233,-0.80759,1
4,0.99773,-0.06733,0,0,-0.0525,-0.778,0.62607,0,-0.04215,-0.62465,-0.77977,0,-3.99509,-66.20319,-42.27693,1
5,-0.99773,0,0.06733,0,0,-1,0,0,0.06733,0,0.99773,0,109.10388,121.89921,-6.14778,1
6,1,0,0,0,0,-1,0,0,0,0,-1,0,5.40717,-87.12884,129.89921,1
7,1,0,0,0,0,-1,0,0,0,0,-1,0,-5.40717,153.89921,-41.12884,1
8,1,0,0,0,0,-1,0,0,0,0,-1,0,5.40717,-173.89921,-161.92128,1
1,0.99983,-0.01871,0,0,0.01871,0.99983,0,0,0,0,1,0,0,0,0,1
2,0.97391,-0.22619,0.01822,0,0.22615,0.97408,0.00423,0,-0.01871,0,0.99983,0,-0.0021,0,0.22448,1
3,-0.7812,0.62418,0.01168,0,-0.62428,-0.78106,-0.01461,0,0,-0.01871,0.99983,0,-10.01411,10.4854,-0.21544,1
4,0.99983,-0.01871,0,0,-0.01461,-0.78106,0.62428,0,-0.01168,-0.62418,-0.7812,0,-1.10051,-65.82028,-42.23892,1
5,-0.99983,0,0.01871,0,0,-1,0,0,0.01871,0,0.99983,0,108.72823,121.90902,-1.6975,1
6,1,0,0,0,0,-1,0,0,0,0,-1,0,1.49173,-86.73015,129.90902,1
7,1,0,0,0,0,-1,0,0,0,0,-1,0,-1.49173,153.90902,-40.73015,1
8,1,0,0,0,0,-1,0,0,0,0,-1,0,1.49173,-173.90902,-161.5226,1
1,0.99982,-0.01892,0,0,0.01892,0.99982,0,0,0,0,1,0,0,0,0,1
2,0.97642,-0.2151,0.01848,0,0.21507,0.97659,0.00407,0,-0.01892,0,0.99982,0,-0.00215,0,0.22704,1
3,-0.78297,0.62195,0.01177,0,-0.62206,-0.78283,-0.01481,0,0,-0.01892,0.99982,0,-10.20462,11.14602,-0.20539,1
4,0.99982,-0.01892,0,0,-0.01481,-0.78283,0.62206,0,-0.01177,-0.62195,-0.78297,0,-1.09986,-65.12296,-42.1831,1
5,-0.99982,0,0.01892,0,0,-1,0,0,0.01892,0,0.99982,0,107.95619,121.91265,-1.70224,1
6,1,0,0,0,0,-1,0,0,0,0,-1,0,1.49412,-85.95816,129.91265,1
7,1,0,0,0,0,-1,0,0,0,0,-1,0,-1.49412,153.91265,-39.95816,1
8,1,0,0,0,0,-1,0,0,0,0,-1,0,1.49412,-173.91265,-160.7506,1
1,0.99982,-0.01913,0,0,0.01913,0.99982,0,0,0,0,1,0,0,0,0,1
2,0.97879,-0.20399,0.01873,0,0.20395,0.97897,0.0039,0,-0.01913,0,0.99982,0,-0.0022,0,0.22959,1
3,-0.78474,0.61971,0.01186,0,-0.61983,-0.7846,-0.01501,0,0,-0.01913,0.99982,0,-10.38754,11.80819,-0.19503,1
4,0.99982,-0.01913,0,0,-0.01501,-0.7846,0.61983,0,-0.01186,-0.61971,-0.78474,0,-1.09887,-64.42371,-42.13476,1
5,-0.99982,0,0.01913,0,0,-1,0,0,0.01913,0,0.99982,0,107.18204,121.92354,-1.70661,1
6,1,0,0,0,0,-1,0,0,0,0,-1,0,1.49615,-85.18405,129.92354,1
7,1,0,0,0,0,-1,0,0,0,0,-1,0,-1.49615,153.92354,-39.18405,1
8,1,0,0,0,0,-1,0,0,0,0,-1,0,1.49615,-173.92354,-159.9765,1
1,0.99981,-0.01935,0,0,0.01935,0.99981,0,0,0,0,1,0,0,0,0,1
2,0.98105,-0.19285,0.01898,0,0.19281,0.98123,0.00373,0,-0.01935,0,0.99981,0,-0.00225,0,0.23215,1
3,-0.7865,0.61747,0.01195,0,-0.61759,-0.78635,-0.01522,0,0,-0.01935,0.99981,0,-10.56286,12.47183,-0.18436,1
4,0.99981,-0.01935,0,0,-0.01522,-0.78635,0.61759,0,-0.01195,-0.61747,-0.7865,0,-1.09755,-63.72261,-42.09391,1
5,-0.99981,0,0.01935,0,0,-1,0,0,0.01935,0,0.99981,0,106.40588,121.94172,-1.71061,1
6,1,0,0,0,0,-1,0,0,0,0,-1,0,1.4978,-84.40794,129.94172,1
7,1,0,0,0,0,-1,0,0,0,0,-1,0,-1.4978,153.94172,-38.40794,1
8,1,0,0,0,0,-1,0,0,0,0,-1,0,1.4978,-173.94172,-159.20038,1
1,0.99981,-0.01956,0,0,0.01956,0.99981,0,0,0,0,1,0,0,0,0,1
2,0.98317,-0.18168,0.01923,0,0.18165,0.98336,0.00355,0,-0.01956,0,0.99981,0,-0.0023,0,0.23471,1
3,-0.78826,0.61523,0.01204,0,-0.61535,-0.78811,-0.01542,0,0,-0.01956,0.99981,0,-10.73056,13.13684,-0.17339,1
4,0.99981,-0.01956,0,0,-0.01542,-0.78811,0.61535,0,-0.01204,-0.61523,-0.78826,0,-1.0959,-63.01976,-42.06058,1
5,-0.99981,0,0.01956,0,0,-1,0,0,0.01956,0,0.99981,0,105.62779,121.96721,-1.71424,1
6,1,0,0,0,0,-1,0,0,0,0,-1,0,1.49909,-83.62989,129.96721,1
7,1,0,0,0,0,-1,0,0,0,0,-1,0,-1.49909,153.96721,-37.62989,1
8,1,0,0,0,0,-1,0,0,0,0,-1,0,1.49909,-173.96721,-158.42233,1
1,0.9998,-0.01977,0,0,0.01977,0.9998,0,0,0,0,1,0,0,0,0,1
2,0.98517,-0.17049,0.01948,0,0.17046,0.98536,0.00337,0,-0.01977,0,0.9998,0,-0.00235,0,0.23726,1
3,-0.79001,0.61298,0.01212,0,-0.6131,-0.78985,-0.01562,0,0,-0.01977,0.9998,0,-10.89063,13.80314,-0.1621,1
4,0.9998,-0.01977,0,0,-0.01562,-0.78985,0.6131,0,-0.01212,-0.61298,-0.79001,0,-1.09391,-62.31522,-42.03478,1
5,-0.9998,0,0.01977,0,0,-1,0,0,0.01977,0,0.9998,0,104.84785,122,-1.7175,1
6,1,0,0,0,0,-1,0,0,0,0,-1,0,1.5,-82.85,130,1
7,1,0,0,0,0,-1,0,0,0,0,-1,0,-1.5,154,-36.85,1
8,1,0,0,0,0,-1,0,0,0,0,-1,0,1.5,-174,-157.64244,1
1,0.9998,-0.01977,0,0,0.01977,0.9998,0,0,0,0,1,0,0,0,0,1
2,0.98517,-0.17049,0.01948,0,0.17046,0.98536,0.00337,0,-0.01977,0,0.9998,0,-0.00235,0,0.23726,1
3,-0.79001,0.61298,0.01212,0,-0.6131,-0.78985,-0.01562,0,0,-0.01977,0.9998,0,-10.89063,13.80314,-0.1621,1
4,0.9998,-0.01977,0,0,-0.01562,-0.78985,0.6131,0,-0.01212,-0.61298,-0.79001,0,-1.09391,-62.31522,-42.03478,1
5,-0.9998,0,0.01977,0,0,-1,0,0,0.01977,0,0.9998,0,104.84785,122,-1.7175,1
6,1,0,0,0,0,-1,0,0,0,0,-1,0,1.5,-82.85,130,1
7,1,0,0,0,0,-1,0,0,0,0,-1,0,-1.5,154,-36.85,1
8,1,0,0,0,0,-1,0,0,0,0,-1,0,1.5,-174,-162.64244,1
1,0.9998,-0.01977,0,0,0.01977,0.9998,0,0,0,0,1,0,0,0,0,1
2,0.98517,-0.17049,0.01948,0,0.17046,0.98536,0.00337,0,-0.01977,0,0.9998,0,-0.00235,0,0.23726,1
3,-0.79001,0.61298,0.01212,0,-0.6131,-0.78985,-0.01562,0,0,-0.01977,0.9998,0,-10.89063,13.80314,-0.1621,1
4,0.9998,-0.01977,0,0,-0.01562,-0.78985,0.6131,0,-0.01212,-0.61298,-0.79001,0,-1.09391,-62.31522,-42.03478,1
5,-0.9998,0,0.01977,0,0,-1,0,0,0.01977,0,0.9998,0,104.84785,122,-1.7175,1
6,1,0,0,0,0,-1,0,0,0,0,-1,0,1.5,-82.85,130,1
7,1,0,0,0,0,-1,0,0,0,0,-1,0,-1.5,154,-36.85,1
8,1,0,0,0,0,-1,0,0,0,0,-1,0,1.5,-174,-167.64244,1
1,0.9998,-0.01977,0,0,0.01977,0.9998,0,0,0,0,1,0,0,0,0,1
2,0.98517,-0.17049,0.01948,0,0.17046,0.98536,0.00337,0,-0.01977,0,0.9998,0,-0.00235,0,0.23726,1
3,-0.79001,0.61298,0.01212,0,-0.6131,-0.78985,-0.01562,0,0,-0.01977,0.9998,0,-10.89063,13.80314,-0.1621,1
4,0.9998,-0.01977,0,0,-0.01562,-0.78985,0.6131,0,-0.01212,-0.61298,-0.79001,0,-1.09391,-62.31522,-42.03478,1
5,-0.9998,0,0.01977,0,0,-1,0,0,0.01977,0,0.9998,0,104.84785,122,-1.7175,1
6,1,0,0,0,0,-1,0,0,0,0,-1,0,1.5,-82.85,130,1
7,1,0,0,0,0,-1,0,0,0,0,-1,0,-1.5,154,-36.85,1
8,1,0,0,0,0,-1,0,0,0,0,-1,0,1.5,-174,-162.64244,1
1,0.9998,-0.01977,0,0,0.01977,0.9998,0,0,0,0,1,0,0,0,0,1
2,0.98517,-0.17049,0.01948,0,0.17046,0.98536,0.00337,0,-0.01977,0,0.9998,0,-0.00235,0,0.23726,1
3,-0.79001,0.61298,0.01212,0,-0.6131,-0.78985,-0.01562,0,0,-0.01977,0.9998,0,-10.89063,13.80314,-0.1621,1
4,0.9998,-0.01977,0,0,-0.01562,-0.78985,0.6131,0,-0.01212,-0.61298,-0.79001,0,-1.09391,-62.31522,-42.03478,1
5,-0.9998,0,0.01977,0,0,-1,0,0,0.01977,0,0.9998,0,104.84785,122,-1.7175,1
6,1,0,0,0,0,-1,0,0,0,0,-1,0,1.5,-82.85,130,1
7,1,0,0,0,0,-1,0,0,0,0,-1,0,-1.5,154,-36.85,1
8,1,0,0,0,0,-1,0,0,0,0,-1,0,1.5,-174,-157.64244,1
1,0.99981,-0.01956,0,0,0.01956,0.99981,0,0,0,0,1,0,0,0,0,1
2,0.98317,-0.18168,0.01923,0,0.18165,0.98336,0.00355,0,-0.01956,0,0.99981,0,-0.0023,0,0.23471,1
3,-0.78826,0.61523,0.01204,0,-0.61535,-0.78811,-0.01542,0,0,-0.01956,0.99981,0,-10.73056,13.13684,-0.17339,1
4,0.99981,-0.01956,0,0,-0.01542,-0.78811,0.61535,0,-0.01204,-0.61523,-0.78826,0,-1.0959,-63.01976,-42.06058,1
5,-0.99981,0,0.01956,0,0,-1,0,0,0.01956,0,0.99981,0,105.62779,121.96721,-1.71424,1
6,1,0,0,0,0,-1,0,0,0,0,-1,0,1.49909,-83.62989,129.96721,1
7,1,0,0,0,0,-1,0,0,0,0,-1,0,-1.49909,153.96721,-37.62989,1
8,1,0,0,0,0,-1,0,0,0,0,-1,0,1.49909,-173.96721,-158.42233,1
1,0.99981,-0.01935,0,0,0.01935,0.99981,0,0,0,0,1,0,0,0,0,1
2,0.98105,-0.19285,0.01898,0,0.19281,0.98123,0.00373,0,-0.01935,0,0.99981,0,-0.00225,0,0.23215,1
3,-0.7865,0.61747,0.01195,0,-0.61759,-0.78635,-0.01522,0,0,-0.01935,0.99981,0,-10.56286,12.47183,-0.18436,1
4,0.99981,-0.01935,0,0,-0.01522,-0.78635,0.61759,0,-0.01195,-0.61747,-0.7865,0,-1.09755,-63.72261,-42.09391,1
5,-0.99981,0,0.01935,0,0,-1,0,0,0.01935,0,0.99981,0,106.40588,121.94172,-1.71061,1
6,1,0,0,0,0,-1,0,0,0,0,-1,0,1.4978,-84.40794,129.94172,1
7,1,0,0,0,0,-1,0,0,0,0,-1,0,-1.4978,153.94172,-38.40794,1
8,1,0,0,0,0,-1,0,0,0,0,-1,0,1.4978,-173.94172,-159.20038,1
1,0.99982,-0.01913,0,0,0.01913,0.99982,0,0,0,0,1,0,0,0,0,1
2,0.97879,-0.20399,0.01873,0,0.20395,0.97897,0.0039,0,-0.01913,0,0.99982,0,-0.0022,0,0.22959,1
3,-0.78474,0.61971,0.01186,0,-0.61983,-0.7846,-0.01501,0,0,-0.01913,0.99982,0,-10.38754,11.80819,-0.19503,1
4,0.99982,-0.01913,0,0,-0.01501,-0.7846,0.61983,0,-0.01186,-0.61971,-0.78474,0,-1.09887,-64.42371,-42.13476,1
5,-0.99982,0,0.01913,0,0,-1,0,0,0.01913,0,0.99982,0,107.18204,121.92354,-1.70661,1
6,1,0,0,0,0,-1,0,0,0,0,-1,0,1.49615,-85.18405,129.92354,1
7,1,0,0,0,0,-1,0,0,0,0,-1,0,-1.49615,153.92354,-39.18405,1
8,1,0,0,0,0,-1,0,0,0,0,-1,0,1.49615,-173.92354,-159.9765,1
1,0.99982,-0.01892,0,0,0.01892,0.99982,0,0,0,0,1,0,0,0,0,1
2,0.97642,-0.2151,0.01848,0,0.21507,0.97659,0.00407,0,-0.01892,0,0.99982,0,-0.00215,0,0.22704,1
3,-0.78297,0.62195,0.01177,0,-0.62206,-0.78283,-0.01481,0,0,-0.01892,0.99982,0,-10.20462,11.14602,-0.20539,1
4,0.99982,-0.01892,0,0,-0.01481,-0.78283,0.62206,0,-0.01177,-0.62195,-0.78297,0,-1.09986,-65.12296,-42.1831,1
5,-0.99982,0,0.01892,0,0,-1,0,0,0.01892,0,0.99982,0,107.95619,121.91265,-1.70224,1
6,1,0,0,0,0,-1,0,0,0,0,-1,0,1.49412,-85.95816,129.91265,1
7,1,0,0,0,0,-1,0,0,0,0,-1,0,-1.49412,153.91265,-39.95816,1
8,1,0,0,0,0,-1,0,0,0,0,-1,0,1.49412,-173.91265,-160.7506,1
1,0.99983,-0.01871,0,0,0.01871,0.99983,0,0,0,0,1,0,0,0,0,1
2,0.97391,-0.22619,0.01822,0,0.22615,0.97408,0.00423,0,-0.01871,0,0.99983,0,-0.0021,0,0.22448,1
3,-0.7812,0.62418,0.01168,0,-0.62428,-0.78106,-0.01461,0,0,-0.01871,0.99983,0,-10.01411,10.4854,-0.21544,1
4,0.99983,-0.01871,0,0,-0.01461,-0.78106,0.62428,0,-0.01168,-0.62418,-0.7812,0,-1.10051,-65.82028,-42.23892,1
5,-0.99983,0,0.01871,0,0,-1,0,0,0.01871,0,0.99983,0,108.72823,121.90902,-1.6975,1
6,1,0,0,0,0,-1,0,0,0,0,-1,0,1.49173,-86.73015,129.90902,1
7,1,0,0,0,0,-1,0,0,0,0,-1,0,-1.49173,153.90902,-40.73015,1
8,1,0,0,0,0,-1,0,0,0,0,-1,0,1.49173,-173.90902,-161.5226,1
1,0.99954,0.03039,0,0,-0.03039,0.99954,0,0,0,0,1,0,0,0,0,1
2,0.97223,-0.23216,-0.02956,0,0.23205,0.97268,-0.00706,0,0.03039,0,0.99954,0,-0.00554,0,-0.36472,1
3,-0.78016,0.6253,-0.01901,0,-0.62558,-0.7798,0.02371,0,0,0.03039,0.99954,0,-9.90634,10.13317,0.36084,1
4,0.99954,0.03039,0,0,0.02371,-0.7798,0.62558,0,0.01901,-0.6253,-0.78016,0,1.79951,-66.18009,-42.26787,1
5,-0.99954,0,-0.03039,0,0,-1,0,0,-0.03039,0,0.99954,0,109.12241,121.90311,2.77079,1
6,1,0,0,0,0,-1,0,0,0,0,-1,0,-2.43647,-87.12749,129.90311,1
7,1,0,0,0,0,-1,0,0,0,0,-1,0,2.43647,153.90311,-41.12749,1
8,1,0,0,0,0,-1,0,0,0,0,-1,0,-2.43647,-173.90311,-161.91993,1
1,0.99684,0.07942,0,0,-0.07942,0.99684,0,0,0,0,1,0,0,0,0,1
2,0.96817,-0.23812,-0.07714,0,0.23737,0.97123,-0.01891,0,0.07942,0,0.99684,0,-0.0379,0,-0.95304,1
3,-0.77911,0.6249,-0.04979,0,-0.62688,-0.77665,0.06188,0,0,0.07942,0.99684,0,-9.79638,9.8111,0.97111,1
4,0.99684,0.07942,0,0,0.06188,-0.77665,0.62688,0,0.04979,-0.6249,-0.77911,0,4.73213,-66.39548,-42.29899,1
5,-0.99684,0,-0.07942,0,0,-1,0,0,-0.07942,0,0.99684,0,109.29498,121.89929,7.27361,1
6,1,0,0,0,0,-1,0,0,0,0,-1,0,-6.39999,-87.32972,129.89929,1
7,1,0,0,0,0,-1,0,0,0,0,-1,0,6.39999,153.89929,-41.32972,1
8,1,0,0,0,0,-1,0,0,0,0,-1,0,-6.39999,-173.89929,-162.12217,1
1,0.99174,0.12825,0,0,-0.12825,0.99174,0,0,0,0,1,0,0,0,0,1
2,0.96175,-0.24408,-0.12438,0,0.24206,0.96976,-0.0313,0,0.12825,0,0.99174,0,-0.09911,0,-1.53906,1
3,-0.77807,0.62299,-0.08057,0,-0.62818,-0.77164,0.09979,0,0,0.12825,0.99174,0,-9.68422,9.52168,1.61373,1
4,0.99174,0.12825,0,0,0.09979,-0.77164,0.62818,0,0.08057,-0.62299,-0.77807,0,7.69008,-66.46412,-42.33228,1
5,-0.99174,0,-0.12825,0,0,-1,0,0,-0.12825,0,0.99174,0,109.24349,121.89757,11.79988,1
6,1,0,0,0,0,-1,0,0,0,0,-1,0,-10.38907,-87.33434,129.89757,1
7,1,0,0,0,0,-1,0,0,0,0,-1,0,10.38907,153.89757,-41.33434,1
8,1,0,0,0,0,-1,0,0,0,0,-1,0,-10.38907,-173.89757,-162.12678,1
1,0.98425,0.17678,0,0,-0.17678,0.98425,0,0,0,0,1,0,0,0,0,1
2,0.95299,-0.25002,-0.17117,0,0.24609,0.96824,-0.0442,0,0.17678,0,0.98425,0,-0.189,0,-2.12137,1
3,-0.77702,0.61956,-0.11128,0,-0.62947,-0.76478,0.13736,0,0,0.17678,0.98425,0,-9.56986,9.26732,2.28691,1
4,0.98425,0.17678,0,0,0.13736,-0.76478,0.62947,0,0.11128,-0.61956,-0.77702,0,10.66594,-66.38403,-42.36772,1
5,-0.98425,0,-0.17678,0,0,-1,0,0,-0.17678,0,0.98425,0,108.96606,121.89793,16.33837,1
6,1,0,0,0,0,-1,0,0,0,0,-1,0,-14.39379,-87.13931,129.89793,1
7,1,0,0,0,0,-1,0,0,0,0,-1,0,14.39379,153.89793,-41.13931,1
8,1,0,0,0,0,-1,0,0,0,0,-1,0,-14.39379,-173.89793,-161.93175,1
1,0.97439,0.22488,0,0,-0.22488,0.97439,0,0,0,0,1,0,0,0,0,1
2,0.94193,-0.25596,-0.21739,0,0.2494,0.96669,-0.05756,0,0.22488,0,0.97439,0,-0.30736,0,-2.69856,1
3,-0.77597,0.61461,-0.14185,0,-0.63077,-0.7561,0.1745,0,0,0.22488,0.97439,0,-9.45331,9.05031,2.98868,1
4,0.97439,0.22488,0,0,0.1745,-0.7561,0.63077,0,0.14185,-0.61461,-0.77597,0,13.65218,-66.15363,-42.40531,1
5,-0.97439,0,-0.22488,0,0,-1,0,0,-0.22488,0,0.97439,0,108.46136,121.90037,20.87774,1
6,1,0,0,0,0,-1,0,0,0,0,-1,0,-18.40406,-86.74311,129.90037,1
7,1,0,0,0,0,-1,0,0,0,0,-1,0,18.40406,153.90037,-40.74311,1
8,1,0,0,0,0,-1,0,0,0,0,-1,0,-18.40406,-173.90037,-161.53556,1
1,0.97383,0.2273,0,0,-0.2273,0.97383,0,0,0,0,1,0,0,0,0,1
2,0.94404,-0.24541,-0.22035,0,0.23899,0.96942,-0.05578,0,0.2273,0,0.97383,0,-0.3141,0,-2.72758,1
3,-0.77795,0.61188,-0.14282,0,-0.62833,-0.75758,0.17683,0,0,0.2273,0.97383,0,-9.66128,9.66946,2.87804,1
4,0.97383,0.2273,0,0,0.17683,-0.75758,0.62833,0,0.14282,-0.61188,-0.77795,0,13.64733,-65.4699,-42.34599,1
5,-0.97383,0,-0.2273,0,0,-1,0,0,-0.2273,0,0.97383,0,107.68011,121.90719,20.93204,1
6,1,0,0,0,0,-1,0,0,0,0,-1,0,-18.43175,-85.96803,129.90719,1
7,1,0,0,0,0,-1,0,0,0,0,-1,0,18.43175,153.90719,-39.96803,1
8,1,0,0,0,0,-1,0,0,0,0,-1,0,-18.43175,-173.90719,-160.76047,1
1,0.97326,0.22971,0,0,-0.22971,0.97326,0,0,0,0,1,0,0,0,0,1
2,0.94604,-0.23484,-0.22329,0,0.22856,0.97203,-0.05395,0,0.22971,0,0.97326,0,-0.3209,0,-2.75658,1
3,-0.77991,0.60915,-0.14378,0,-0.62589,-0.75906,0.17916,0,0,0.22971,0.97326,0,-9.86233,10.28955,2.76398,1
4,0.97326,0.22971,0,0,0.17916,-0.75906,0.62589,0,0.14378,-0.60915,-0.77991,0,13.6387,-64.78454,-42.29347,1
5,-0.97326,0,-0.22971,0,0,-1,0,0,-0.22971,0,0.97326,0,106.89692,121.92054,20.98206,1
6,1,0,0,0,0,-1,0,0,0,0,-1,0,-18.45519,-85.19109,129.92054,1
7,1,0,0,0,0,-1,0,0,0,0,-1,0,18.45519,153.92054,-39.19109,1
8,1,0,0,0,0,-1,0,0,0,0,-1,0,-18.45519,-173.92054,-159.98353,1
1,0.97268,0.23213,0,0,-0.23213,0.97268,0,0,0,0,1,0,0,0,0,1
2,0.94792,-0.22423,-0.22622,0,0.21811,0.97454,-0.05205,0,0.23213,0,0.97268,0,-0.32778,0,-2.78556,1
3,-0.78187,0.60641,-0.14472,0,-0.62344,-0.76051,0.1815,0,0,0.23213,0.97268,0,-10.05644,10.91048,2.6465,1
4,0.97268,0.23213,0,0,0.1815,-0.76051,0.62344,0,0.14472,-0.60641,-0.78187,0,13.62629,-64.09764,-42.24775,1
5,-0.97268,0,-0.23213,0,0,-1,0,0,-0.23213,0,0.97268,0,106.1119,121.94045,21.02781,1
6,1,0,0,0,0,-1,0,0,0,0,-1,0,-18.47438,-84.41237,129.94045,1
7,1,0,0,0,0,-1,0,0,0,0,-1,0,18.47438,153.94045,-38.41237,1
8,1,0,0,0,0,-1,0,0,0,0,-1,0,-18.47438,-173.94045,-159.20481,1
1,0.97211,0.23454,0,0,-0.23454,0.97211,0,0,0,0,1,0,0,0,0,1
2,0.94967,-0.2136,-0.22913,0,0.20765,0.97692,-0.0501,0,0.23454,0,0.97211,0,-0.33473,0,-2.81453,1
3,-0.78382,0.60366,-0.14565,0,-0.62098,-0.76196,0.18384,0,0,0.23454,0.97211,0,-10.2436,11.53217,2.52562,1
4,0.97211,0.23454,0,0,0.18384,-0.76196,0.62098,0,0.14565,-0.60366,-0.78382,0,13.6101,-63.40929,-42.20886,1
5,-0.97211,0,-0.23454,0,0,-1,0,0,-0.23454,0,0.97211,0,105.32514,121.96693,21.06929,1
6,1,0,0,0,0,-1,0,0,0,0,-1,0,-18.48931,-83.63198,129.96693,1
7,1,0,0,0,0,-1,0,0,0,0,-1,0,18.48931,153.96693,-37.63198,1
8,1,0,0,0,0,-1,0,0,0,0,-1,0,-18.48931,-173.96693,-158.42442,1
1,0.97152,0.23696,0,0,-0.23696,0.97152,0,0,0,0,1,0,0,0,0,1
2,0.9513,-0.20295,-0.23202,0,0.19717,0.97919,-0.04809,0,0.23696,0,0.97152,0,-0.34176,0,-2.84347,1
3,-0.78577,0.60091,-0.14656,0,-0.61852,-0.76339,0.18619,0,0,0.23696,0.97152,0,-10.42378,12.15453,2.40133,1
4,0.97152,0.23696,0,0,0.18619,-0.76339,0.61852,0,0.14656,-0.60091,-0.78577,0,13.59014,-62.71958,-42.17682,1
5,-0.97152,0,-0.23696,0,0,-1,0,0,-0.23696,0,0.97152,0,104.53672,122,21.10652,1
6,1,0,0,0,0,-1,0,0,0,0,-1,0,-18.5,-82.85,130,1
7,1,0,0,0,0,-1,0,0,0,0,-1,0,18.5,154,-36.85,1
8,1,0,0,0,0,-1,0,0,0,0,-1,0,-18.5,-174,-157.64244,1
1,0.97152,0.23696,0,0,-0.23696,0.97152,0,0,0,0,1,0,0,0,0,1
2,0.9513,-0.20295,-0.23202,0,0.19717,0.97919,-0.04809,0,0.23696,0,0.97152,0,-0.34176,0,-2.84347,1
3,-0.78577,0.60091,-0.14656,0,-0.61852,-0.76339,0.18619,0,0,0.23696,0.97152,0,-10.42378,12.15453,2.40133,1
4,0.97152,0.23696,0,0,0.18619,-0.76339,0.61852,0,0.14656,-0.60091,-0.78577,0,13.59014,-62.71958,-42.17682,1
5,-0.97152,0,-0.23696,0,0,-1,0,0,-0.23696,0,0.97152,0,104.53672,122,21.10652,1
6,1,0,0,0,0,-1,0,0,0,0,-1,0,-18.5,-82.85,130,1
7,1,0,0,0,0,-1,0,0,0,0,-1,0,18.5,154,-36.85,1
8,1,0,0,0,0,-1,0,0,0,0,-1,0,-18.5,-174,-162.64244,1
1,0.97152,0.23696,0,0,-0.23696,0.97152,0,0,0,0,1,0,0,0,0,1
2,0.9513,-0.20295,-0.23202,0,0.19717,0.97919,-0.04809,0,0.23696,0,0.97152,0,-0.34176,0,-2.84347,1
3,-0.78577,0.60091,-0.14656,0,-0.61852,-0.76339,0.18619,0,0,0.23696,0.97152,0,-10.42378,12.15453,2.40133,1
4,0.97152,0.23696,0,0,0.18619,-0.76339,0.61852,0,0.14656,-0.60091,-0.78577,0,13.59014,-62.71958,-42.17682,1
5,-0.97152,0,-0.23696,0,0,-1,0,0,-0.23696,0,0.97152,0,104.53672,122,21.10652,1
6,1,0,0,0,0,-1,0,0,0,0,-1,0,-18.5,-82.85,130,1
7,1,0,0,0,0,-1,0,0,0,0,-1,0,18.5,154,-36.85,1
8,1,0,0,0,0,-1,0,0,0,0,-1,0,-18.5,-174,-167.64244,1
1,0.97152,0.23696,0,0,-0.23696,0.97152,0,0,0,0,1,0,0,0,0,1
2,0.9513,-0.20295,-0.23202,0,0.19717,0.97919,-0.04809,0,0.23696,0,0.97152,0,-0.34176,0,-2.84347,1
3,-0.78577,0.60091,-0.14656,0,-0.61852,-0.76339,0.18619,0,0,0.23696,0.97152,0,-10.42378,12.15453,2.40133,1
4,0.97152,0.23696,0,0,0.18619,-0.76339,0.61852,0,0.14656,-0.60091,-0.78577,0,13.59014,-62.71958,-42.17682,1
5,-0.97152,0,-0.23696,0,0,-1,0,0,-0.23696,0,0.97152,0,104.53672,122,21.10652,1
6,1,0,0,0,0,-1,0,0,0,0,-1,0,-18.5,-82.85,130,1
7,1,0,0,0,0,-1,0,0,0,0,-1,0,18.5,154,-36.85,1
8,1,0,0,0,0,-1,0,0,0,0,-1,0,-18.5,-174,-162.64244,1
1,0.97152,0.23696,0,0,-0.23696,0.97152,0,0,0,0,1,0,0,0,0,1
2,0.9513,-0.20295,-0.23202,0,0.19717,0.97919,-0.04809,0,0.23696,0,0.97152,0,-0.34176,0,-2.84347,1
3,-0.78577,0.60091,-0.14656,0,-0.61852,-0.76339,0.18619,0,0,0.23696,0.97152,0,-10.42378,12.15453,2.40133,1
4,0.97152,0.23696,0,0,0.18619,-0.76339,0.61852,0,0.14656,-0.60091,-0.78577,0,13.59014,-62.71958,-42.17682,1
5,-0.97152,0,-0.23696,0,0,-1,0,0,-0.23696,0,0.97152,0,104.53672,122,21.10652,1
6,1,0,0,0,0,-1,0,0,0,0,-1,0,-18.5,-82.85,130,1
7,1,0,0,0,0,-1,0,0,0,0,-1,0,18.5,154,-36.85,1
8,1,0,0,0,0,-1,0,0,0,0,-1,0,-18.5,-174,-157.64244,1
1,0.97211,0.23454,0,0,-0.23454,0.97211,0,0,0,0,1,0,0,0,0,1
2,0.94967,-0.2136,-0.22913,0,0.20765,0.97692,-0.0501,0,0.23454,0,0.97211,0,-0.33473,0,-2.81453,1
3,-0.78382,0.60366,-0.14565,0,-0.62098,-0.76196,0.18384,0,0,0.23454,0.97211,0,-10.2436,11.53217,2.52562,1
4,0.97211,0.23454,0,0,0.18384,-0.76196,0.62098,0,0.14565,-0.60366,-0.78382,0,13.6101,-63.40929,-42.20886,1
5,-0.97211,0,-0.23454,0,0,-1,0,0,-0.23454,0,0.97211,0,105.32514,121.96693,21.06929,1
6,1,0,0,0,0,-1,0,0,0,0,-1,0,-18.48931,-83.63198,129.96693,1
7,1,0,0,0,0,-1,0,0,0,0,-1,0,18.48931,153.96693,-37.63198,1
8,1,0,0,0,0,-1,0,0,0,0,-1,0,-18.48931,-173.96693,-158.42442,1
1,0.97268,0.23213,0,0,-0.23213,0.97268,0,0,0,0,1,0,0,0,0,1
2,0.94792,-0.22423,-0.22622,0,0.21811,0.97454,-0.05205,0,0.23213,0,0.97268,0,-0.32778,0,-2.78556,1
3,-0.78187,0.60641,-0.14472,0,-0.62344,-0.76051,0.1815,0,0,0.23213,0.97268,0,-10.05644,10.91048,2.6465,1
4,0.97268,0.23213,0,0,0.1815,-0.76051,0.62344,0,0.14472,-0.60641,-0.78187,0,13.62629,-64.09764,-42.24775,1
5,-0.97268,0,-0.23213,0,0,-1,0,0,-0.23213,0,0.97268,0,106.1119,121.94045,21.02781,1
6,1,0,0,0,0,-1,0,0,0,0,-1,0,-18.47438,-84.41237,129.94045,1
7,1,0,0,0,0,-1,0,0,0,0,-1,0,18.47438,153.94045,-38.41237,1
8,1,0,0,0,0,-1,0,0,0,0,-1,0,-18.47438,-173.94045,-159.20481,1
1,0.97326,0.22971,0,0,-0.22971,0.97326,0,0,0,0,1,0,0,0,0,1
2,0.94604,-0.23484,-0.22329,0,0.22856,0.97203,-0.05395,0,0.22971,0,0.97326,0,-0.3209,0,-2.75658,1
3,-0.77991,0.60915,-0.14378,0,-0.62589,-0.75906,0.17916,0,0,0.22971,0.97326,0,-9.86233,10.28955,2.76398,1
4,0.97326,0.22971,0,0,0.17916,-0.75906,0.62589,0,0.14378,-0.60915,-0.77991,0,13.6387,-64.78454,-42.29347,1
5,-0.97326,0,-0.22971,0,0,-1,0,0,-0.22971,0,0.97326,0,106.89692,121.92054,20.98206,1
6,1,0,0,0,0,-1,0,0,0,0,-1,0,-18.45519,-85.19109,129.92054,1
7,1,0,0,0,0,-1,0,0,0,0,-1,0,18.45519,153.92054,-39.19109,1
8,1,0,0,0,0,-1,0,0,0,0,-1,0,-18.45519,-173.92054,-159.98353,1
1,0.97383,0.2273,0,0,-0.2273,0.97383,0,0,0,0,1,0,0,0,0,1
2,0.94404,-0.24541,-0.22035,0,0.23899,0.96942,-0.05578,0,0.2273,0,0.97383,0,-0.3141,0,-2.72758,1
3,-0.77795,0.61188,-0.14282,0,-0.62833,-0.75758,0.17683,0,0,0.2273,0.97383,0,-9.66128,9.66946,2.87804,1
4,0.97383,0.2273,0,0,0.17683,-0.75758,0.62833,0,0.14282,-0.61188,-0.77795,0,13.64733,-65.4699,-42.34599,1
5,-0.97383,0,-0.2273,0,0,-1,0,0,-0.2273,0,0.97383,0,107.68011,121.90719,20.93204,1
6,1,0,0,0,0,-1,0,0,0,0,-1,0,-18.43175,-85.96803,129.90719,1
7,1,0,0,0,0,-1,0,0,0,0,-1,0,18.43175,153.90719,-39.96803,1
8,1,0,0,0,0,-1,0,0,0,0,-1,0,-18.43175,-173.90719,-160.76047,1
1,0.97439,0.22488,0,0,-0.22488,0.97439,0,0,0,0,1,0,0,0,0,1
2,0.94193,-0.25596,-0.21739,0,0.2494,0.96669,-0.05756,0,0.22488,0,0.97439,0,-0.30736,0,-2.69856,1
3,-0.77597,0.61461,-0.14185,0,-0.63077,-0.7561,0.1745,0,0,0.22488,0.97439,0,-9.45331,9.05031,2.98868,1
4,0.97439,0.22488,0,0,0.1745,-0.7561,0.63077,0,0.14185,-0.61461,-0.77597,0,13.65218,-66.15363,-42.40531,1
5,-0.97439,0,-0.22488,0,0,-1,0,0,-0.22488,0,0.97439,0,108.46136,121.90037,20.87774,1
6,1,0,0,0,0,-1,0,0,0,0,-1,0,-18.40406,-86.74311,129.90037,1
7,1,0,0,0,0,-1,0,0,0,0,-1,0,18.40406,153.90037,-40.74311,1
8,1,0,0,0,0,-1,0,0,0,0,-1,0,-18.40406,-173.90037,-161.53556,1
1,0.96349,0.26774,0,0,-0.26774,0.96349,0,0,0,0,1,0,0,0,0,1
2,0.92647,-0.27454,-0.25745,0,0.26452,0.96158,-0.07351,0,0.26774,0,0.96349,0,-0.43811,0,-3.21288,1
3,-0.77191,0.61252,-0.17021,0,-0.63573,-0.74373,0.20667,0,0,0.26774,0.96349,0,-9.05624,8.12948,3.85442,1
4,0.96349,0.26774,0,0,0.20667,-0.74373,0.63573,0,0.17021,-0.61252,-0.77191,0,16.57124,-66.6333,-42.49782,1
5,-0.96349,0,-0.26774,0,0,-1,0,0,-0.26774,0,0.96349,0,108.75127,121.85672,25.21848,1
6,1,0,0,0,0,-1,0,0,0,0,-1,0,-22.27334,-87.15287,129.85672,1
7,1,0,0,0,0,-1,0,0,0,0,-1,0,22.27334,153.85672,-41.15287,1
8,1,0,0,0,0,-1,0,0,0,0,-1,0,-22.27334,-173.85672,-161.94531,1
1,0.95071,0.31008,0,0,-0.31008,0.95071,0,0,0,0,1,0,0,0,0,1
2,0.90898,-0.29302,-0.29647,0,0.27858,0.95611,-0.09086,0,0.31008,0,0.95071,0,-0.59146,0,-3.72092,1
3,-0.76781,0.6091,-0.19866,0,-0.64068,-0.72997,0.23808,0,0,0.31008,0.95071,0,-8.63767,7.26724,4.80512,1
4,0.95071,0.31008,0,0,0.23808,-0.72997,0.64068,0,0.19866,-0.6091,-0.76781,0,19.55647,-66.96117,-42.61131,1
5,-0.95071,0,-0.31008,0,0,-1,0,0,-0.31008,0,0.95071,0,108.82376,121.83301,29.62238,1
6,1,0,0,0,0,-1,0,0,0,0,-1,0,-26.21154,-87.36594,129.83301,1
7,1,0,0,0,0,-1,0,0,0,0,-1,0,26.21154,153.83301,-41.36594,1
8,1,0,0,0,0,-1,0,0,0,0,-1,0,-26.21154,-173.83301,-162.15838,1
1,0.93607,0.35181,0,0,-0.35181,0.93607,0,0,0,0,1,0,0,0,0,1
2,0.88953,-0.3114,-0.33431,0,0.29149,0.95028,-0.10955,0,0.35181,0,0.93607,0,-0.76713,0,-4.22168,1
3,-0.76368,0.60432,-0.22712,0,-0.64559,-0.71486,0.26867,0,0,0.35181,0.93607,0,-8.19774,6.46955,5.83685,1
